0__energy_ratio_by_chunks__num_segments_10__segment_focus_4	0__fft_coefficient__attr_"real"__coeff_1	0__fft_coefficient__attr_"imag"__coeff_3	0__fft_coefficient__attr_"angle"__coeff_3	0__agg_linear_trend__attr_"intercept"__chunk_len_50__f_agg_"mean"	0__sum_values	0__fft_coefficient__attr_"real"__coeff_0	0__mean	0__fft_coefficient__attr_"abs"__coeff_0	0__cwt_coefficients__coeff_0__w_20__widths_(2, 5, 10, 20)	0__c3__lag_3	0__cwt_coefficients__coeff_1__w_20__widths_(2, 5, 10, 20)	0__cwt_coefficients__coeff_2__w_20__widths_(2, 5, 10, 20)	0__median	0__fft_coefficient__attr_"imag"__coeff_4
0.152667341	-0.697081107	-3.20858269	-74.02445174	0.552042837	52.5509612	52.5509612	0.525509612	52.5509612	0.128565987	0.153124684	0.219204849	0.308946638	0.5	0.047084184
0.066224819	2.242887407	2.220414315	94.8567967	0.462390005	47.30387352	47.30387352	0.473038735	47.30387352	0.244855434	0.112803058	0.347012789	0.449391032	0.460606061	-1.258206791
0.189124281	-1.369474206	-6.255777437	-111.2506314	0.580176473	52.17206347	52.17206347	0.521720635	52.17206347	0.216659645	0.155351759	0.315902653	0.412933803	0.513157895	1.740373338
0.04325646	1.940618259	4.930077724	62.90230581	0.449651365	49.37641685	49.37641685	0.493764169	49.37641685	0.134375601	0.143720698	0.232693683	0.329983619	0.477272727	-1.427327709
0.143806292	-0.635071675	-4.657340565	-71.03594079	0.557207303	53.65089339	53.65089339	0.536508934	53.65089339	0.279968823	0.158810489	0.371640384	0.463234019	0.578947368	2.578190601
0.124509122	-2.572201908	-1.721825705	-109.2426002	0.487702655	49.84829696	49.84829696	0.49848297	49.84829696	0.138266503	0.138404148	0.207853935	0.277441441	0.516666667	1.56027533
0.111903589	-0.298909491	0.441522358	176.2271256	0.511527092	51.13042777	51.13042777	0.511304278	51.13042777	0.384084014	0.155434386	0.495533795	0.603980786	0.539393939	1.797666191
0.04670809	1.502260623	1.484221864	18.92466689	0.439161068	45.04752901	45.04752901	0.45047529	45.04752901	0.371442843	0.090932242	0.454599975	0.539330744	0.428571429	-3.731232431
0.15311036	-3.307912456	-2.737142305	-145.2501649	0.554805338	53.92381342	53.92381342	0.539238134	53.92381342	0.226884024	0.186687709	0.313367308	0.398600577	0.591269841	1.718731215
0.134676872	-0.287919815	-2.035904947	-38.72790841	0.569605082	55.62503188	55.62503188	0.556250319	55.62503188	0.078804911	0.186579382	0.185025686	0.292050997	0.581140351	3.909271786
0.066752684	1.871864217	3.020530031	109.7699353	0.523487884	52.44970489	52.44970489	0.524497049	52.44970489	0.337480955	0.146451515	0.46107399	0.584207515	0.5	1.233857505
0.173475608	-2.412403285	-4.102645053	-143.3974051	0.565705201	51.36829583	51.36829583	0.513682958	51.36829583	0.260330745	0.161599837	0.354295993	0.444741534	0.5	-0.315222308
0.083379101	1.244544232	2.483060562	156.2931112	0.489272794	45.1726864	45.1726864	0.451726864	45.1726864	0.183780777	0.107453694	0.295802263	0.408529736	0.461538462	-2.906179181
0.052904085	1.7798891	2.138624569	46.82794771	0.439413814	44.72249707	44.72249707	0.447224971	44.72249707	0.229793413	0.091355056	0.326103557	0.420361872	0.447222222	-1.024069826
0.087676871	-0.248698129	1.837288067	170.5839742	0.517119489	46.37239308	46.37239308	0.463723931	46.37239308	0.400045888	0.158834409	0.51728045	0.634217327	0.427272727	-3.966917508
0.07377166	2.54497752	0.778048542	164.6282472	0.511364412	47.95173872	47.95173872	0.479517387	47.95173872	0.338496157	0.122816558	0.461868388	0.582766696	0.464114833	-2.060473558
0.101610095	-0.428154696	-0.623051814	-5.708719417	0.446507286	46.54150973	46.54150973	0.465415097	46.54150973	0.054197552	0.107789064	0.116794409	0.179583449	0.488095238	0.079499519
0.037352187	1.273417444	5.171110176	64.23470446	0.443014465	45.36282673	45.36282673	0.453628267	45.36282673	0.318313308	0.099558634	0.400166896	0.481085457	0.458041958	-6.263156078
0.150337862	-1.838422302	-2.987387292	-68.16946915	0.520668087	53.52385661	53.52385661	0.535238566	53.52385661	0.12998244	0.158113691	0.213094937	0.29455718	0.538461538	3.873705128
0.177831343	-2.133891723	-3.745068994	-125.5603533	0.603479256	58.36207965	58.36207965	0.583620796	58.36207965	-0.032027033	0.22681482	0.083124979	0.201252257	0.578947368	8.231283788
0.17967024	-1.044740011	-4.573329566	-114.7469508	0.595830382	53.45046714	53.45046714	0.534504671	53.45046714	0.283768184	0.161482504	0.390338964	0.494492912	0.538461538	0.616442371
0.043108754	0.439226194	1.895084348	32.85943641	0.405693036	42.4594307	42.4594307	0.424594307	42.4594307	0.422318535	0.083900954	0.497142114	0.569539927	0.428571429	-3.783806695
0.077944124	0.678493642	1.069135755	143.0059849	0.467138367	48.34095386	48.34095386	0.483409539	48.34095386	0.31669551	0.118373785	0.416160628	0.513841731	0.5	0.928992679
0.16074827	-1.033490288	-4.839788607	-87.18538216	0.592467833	57.6923708	57.6923708	0.576923708	57.6923708	0.138467771	0.209594103	0.249933338	0.363066637	0.566964286	7.727634856
0.07685637	0.192677193	2.218827622	155.3080017	0.517976245	49.83369713	49.83369713	0.498336971	49.83369713	0.39859505	0.145190803	0.507826808	0.614348589	0.5	-2.776298059
0.147324	-2.107608099	-2.579848697	-66.63316954	0.490389094	49.10192488	49.10192488	0.491019249	49.10192488	0.091638564	0.121315331	0.165563204	0.240858714	0.5	2.024028399
0.032811921	4.030128055	4.077014328	31.99715041	0.480094949	51.70758833	51.70758833	0.517075883	51.70758833	0.274859146	0.191413523	0.388094339	0.503098509	0.513157895	-0.310183664
0.086029105	0.798380456	1.071223902	163.3162085	0.493832374	47.63614668	47.63614668	0.476361467	47.63614668	0.35326688	0.115869899	0.458323162	0.561419938	0.466666667	-1.744427173
0.034330416	1.365550364	5.48111867	55.9283108	0.382494311	43.35993582	43.35993582	0.433599358	43.35993582	0.099340448	0.090035869	0.178314974	0.256204531	0.42481203	-1.132362344
0.027714042	1.958396991	4.472610946	39.61594072	0.374619093	41.26205478	41.26205478	0.412620548	41.26205478	0.220986141	0.084440056	0.288566931	0.353975848	0.418859649	-6.172453244
0.165470411	-1.914547685	-2.288924103	-149.0637309	0.537671791	49.18657987	49.18657987	0.491865799	49.18657987	0.197637834	0.129500574	0.285367	0.370754074	0.5	-1.709142874
0.046304498	1.709911547	3.524666868	41.18704094	0.438788323	47.45695194	47.45695194	0.474569519	47.45695194	0.167999001	0.115247453	0.2624312	0.358126023	0.470175439	0.504346554
0.086294725	1.052206001	-1.010816532	-140.0397993	0.530879628	52.86138586	52.86138586	0.528613859	52.86138586	0.410669553	0.162554164	0.531180831	0.652181688	0.6	4.877932647
0.178609396	-2.303451499	-2.886494752	-145.3235396	0.570983365	52.77886441	52.77886441	0.527788644	52.77886441	0.151611229	0.160922775	0.247147283	0.340794448	0.559027778	-0.366449164
0.156185106	-0.548636305	-2.853238878	-105.9104879	0.538640297	50.74404429	50.74404429	0.507440443	50.74404429	0.219044413	0.133391795	0.311486819	0.402155337	0.5	0.314540871
0.124744058	1.099083161	-1.973992912	-30.77655903	0.591881791	57.93806674	57.93806674	0.579380667	57.93806674	0.176237613	0.226033599	0.287718196	0.401959864	0.625	2.941596684
0.103072735	-0.157833321	-0.659828449	-7.471630433	0.547430048	54.36051398	54.36051398	0.54360514	54.36051398	-0.008494322	0.185293506	0.087957897	0.188622523	0.545454545	2.01609257
0.056058859	3.211493281	1.377300952	30.76818066	0.483239338	49.01333183	49.01333183	0.490133318	49.01333183	0.303637476	0.135381304	0.422728417	0.540209159	0.5	1.300999371
0.064974161	1.921206468	1.745500516	35.43721555	0.510727403	51.1772131	51.1772131	0.511772131	51.1772131	0.212687201	0.138851277	0.329238135	0.446767642	0.513157895	1.845308129
0.177732739	-1.690369701	-2.915761191	-140.0346941	0.589477347	55.88108249	55.88108249	0.558810825	55.88108249	0.1642421	0.187235553	0.273961711	0.384814475	0.550505051	4.251506676
0.074134123	0.798565911	0.81970405	171.3141857	0.525536789	48.94139594	48.94139594	0.489413959	48.94139594	0.42798096	0.137450334	0.545832844	0.66137022	0.466666667	-3.125651202
0.15982414	-1.444985647	-2.694359898	-139.4893767	0.566806121	53.47086141	53.47086141	0.534708614	53.47086141	0.074643445	0.163044857	0.17834997	0.284204375	0.526315789	2.483338662
0.102768195	0.750434832	1.00069649	171.2281925	0.499812685	48.33069891	48.33069891	0.483306989	48.33069891	0.320813205	0.12487277	0.436010651	0.550022848	0.466666667	0.332325165
0.081186423	1.087404464	1.052685317	91.02899594	0.504919898	50.87831415	50.87831415	0.508783142	50.87831415	0.415164243	0.13060671	0.524060759	0.628060635	0.533333333	0.974523759
0.127890087	0.241792386	-2.214128808	-33.00669665	0.493748028	47.60600258	47.60600258	0.476060026	47.60600258	0.206312022	0.112130848	0.279705213	0.351827602	0.461538462	-1.971474559
0.046341163	3.55047523	0.115459566	4.761505174	0.48456788	43.92895845	43.92895845	0.439289585	43.92895845	0.298172359	0.112784532	0.413812505	0.531142972	0.3875	-4.446490941
0.133818269	-0.788591344	-1.424799016	-44.12116846	0.544588069	53.25856649	53.25856649	0.532585665	53.25856649	-0.039965558	0.170592913	0.058064424	0.160491932	0.545454545	2.815900955
0.191206953	-0.846945122	-4.904574702	-116.8254145	0.597979453	53.88288961	53.88288961	0.538828896	53.88288961	0.191852108	0.171483344	0.298465619	0.403503177	0.50862069	1.503652981
0.098281654	0.81116906	0.156572846	178.528625	0.514271794	47.64168627	47.64168627	0.476416863	47.64168627	0.274754813	0.122090637	0.391247204	0.50701898	0.470175439	-0.785562916
0.17461828	-1.938101893	-4.915930906	-144.3662275	0.61162316	57.02002252	57.02002252	0.570200225	57.02002252	0.326367568	0.22405827	0.438201963	0.548335405	0.623737374	3.909715328
0.131509532	-1.317275938	-0.202426412	-24.53775809	0.485106936	49.00989219	49.00989219	0.490098922	49.00989219	0.053162396	0.118964648	0.13076449	0.210634363	0.5	0.846655368
0.183718443	-1.56236791	-3.495940429	-125.3687672	0.586813919	53.65986851	53.65986851	0.536598685	53.65986851	0.044516112	0.16879422	0.152310177	0.260341322	0.525062657	2.589223196
0.086424645	1.229238874	-0.157198371	-177.2980014	0.494477871	46.69187721	46.69187721	0.466918772	46.69187721	0.296245071	0.109145854	0.409646377	0.519728756	0.470175439	-0.51995496
0.078030213	1.312475595	1.152019821	158.899552	0.490021991	48.74771797	48.74771797	0.48747718	48.74771797	0.327190835	0.12243967	0.433495196	0.538162741	0.5	-1.081073263
0.179288524	-1.64978525	-4.805974467	-80.78044818	0.585315761	58.7604967	58.7604967	0.587604967	58.7604967	0.152387518	0.22314831	0.256922862	0.359606252	0.591666667	8.469521414
0.15532746	-1.204165972	-2.096044417	-107.304993	0.563275818	54.83080241	54.83080241	0.548308024	54.83080241	0.053146449	0.172225886	0.155575613	0.257813481	0.539393939	4.457102233
0.163463209	-0.491085947	-4.09252648	-88.05090509	0.589724928	56.53054288	56.53054288	0.565305429	56.53054288	0.140236345	0.203820913	0.255261902	0.367583967	0.6	4.609293126
0.079148908	1.97735298	1.060792102	134.2013305	0.52216084	52.77547758	52.77547758	0.527754776	52.77547758	0.225919446	0.164361225	0.348723041	0.472100939	0.545454545	2.043870536
0.195769795	-1.41120928	-4.67142053	-140.1023018	0.571932245	50.9552164	50.9552164	0.509552164	50.9552164	0.160984934	0.151988592	0.263906341	0.368079976	0.5	0.390069917
0.069633067	0.011354045	1.603894525	149.8097005	0.444238118	44.89467535	44.89467535	0.448946753	44.89467535	0.407808206	0.109374637	0.492051795	0.57285219	0.4	-3.955839074
0.116479126	-0.364483022	-1.94525942	-17.38417995	0.480693123	47.28120676	47.28120676	0.472812068	47.28120676	0.05732216	0.114082435	0.129181207	0.201403862	0.474937343	0.153236537
0.149326024	-0.526284862	-3.028892495	-49.53510594	0.533347449	51.10359972	51.10359972	0.511035997	51.10359972	0.056342051	0.142971076	0.147748708	0.239314099	0.535897436	3.200571741
0.173661511	-1.788042691	-2.468405769	-133.4422984	0.534519223	50.7714732	50.7714732	0.507714732	50.7714732	0.093548477	0.137122384	0.18201967	0.269245251	0.5	1.877180559
0.050581728	2.398246094	1.841932366	19.29554737	0.498283894	52.63096138	52.63096138	0.526309614	52.63096138	0.248229894	0.161797164	0.36667564	0.486258173	0.541958042	4.18061653
0.041054389	1.675890614	3.99531075	47.05423757	0.43047299	46.77736433	46.77736433	0.467773643	46.77736433	0.122141795	0.107125665	0.212657466	0.304487066	0.474937343	-0.419135897
0.101588135	-1.598991791	-0.001803911	-0.052330553	0.474126436	47.65474288	47.65474288	0.476547429	47.65474288	0.167327031	0.111296394	0.234244218	0.301873248	0.468627451	-1.419994535
0.044159797	1.902485756	1.324880975	13.05653666	0.416993326	46.23265803	46.23265803	0.46232658	46.23265803	0.365137066	0.101560739	0.451081651	0.535794184	0.4375	1.748433942
0.077979364	2.26705252	0.973389276	144.7494884	0.528781893	52.32703113	52.32703113	0.523270311	52.32703113	0.228672024	0.171558013	0.36301507	0.499054277	0.541958042	3.240267856
0.095446804	1.9752382	-0.776868809	-174.0600669	0.530018223	47.29970886	47.29970886	0.472997089	47.29970886	0.119891337	0.14891596	0.250568191	0.383596446	0.467611336	-1.999061956
0.095901935	0.883269904	-0.238633396	-176.7163416	0.516426107	48.95225414	48.95225414	0.489522541	48.95225414	0.356371994	0.127746492	0.473115008	0.58815778	0.5	1.234213754
0.143488166	-0.103027117	-3.007353462	-83.81058508	0.582369879	54.47249346	54.47249346	0.544724935	54.47249346	-0.012141959	0.194907738	0.099226241	0.215314109	0.571428571	3.218327132
0.159490438	-0.907463029	-2.81575082	-114.0754098	0.577892341	56.28506654	56.28506654	0.562850665	56.28506654	0.066491902	0.196320609	0.179841415	0.296243079	0.5625	6.241849939
0.027789689	2.29137001	5.418130123	53.11809577	0.393588909	42.70488126	42.70488126	0.427048813	42.70488126	0.072750059	0.117680293	0.151293949	0.23253034	0.345238095	-5.739125378
0.076874436	-0.191046071	0.132214798	8.413000339	0.451424207	45.7940454	45.7940454	0.457940454	45.7940454	0.25206532	0.102400636	0.342478166	0.431844708	0.464102564	0.753300027
0.058559684	1.223759909	1.177217154	11.89710955	0.461966775	48.4284126	48.4284126	0.484284126	48.4284126	0.273366327	0.114084921	0.364209375	0.454605475	0.473684211	1.297043868
0.058952541	2.688418659	2.239071046	93.80085721	0.471100227	48.00168572	48.00168572	0.480016857	48.00168572	0.149019057	0.140221676	0.266866982	0.390048716	0.468627451	1.700593918
0.054173395	1.712379032	4.116024666	76.02783917	0.471721401	51.48461268	51.48461268	0.514846127	51.48461268	0.181341924	0.15221809	0.29256128	0.404820865	0.5	2.919721125
0.118770251	-1.726877858	1.240458984	28.28521462	0.570643057	57.29383983	57.29383983	0.572938398	57.29383983	-0.000236439	0.19157015	0.102567943	0.205984567	0.571428571	4.028145223
0.032319182	0.929787279	2.750624612	21.29283815	0.414887657	47.38755081	47.38755081	0.473875508	47.38755081	0.332706745	0.118992719	0.409163201	0.481086751	0.5	-0.40376713
0.071061762	2.114109567	2.392302966	56.65275445	0.544651234	56.82060069	56.82060069	0.568206007	56.82060069	0.280417203	0.205776249	0.409302941	0.538532256	0.583333333	4.180019439
0.199104615	-2.21273147	-3.729671067	-159.1729094	0.578544983	53.28767504	53.28767504	0.53287675	53.28767504	0.202819529	0.191130323	0.305266242	0.409973784	0.547008547	2.489480111
0.100281774	1.347853209	-0.396536962	-173.2527298	0.542477808	52.45079144	52.45079144	0.524507914	52.45079144	0.322500699	0.156689558	0.454811341	0.589513271	0.5	4.070177947
0.044392595	1.724482008	2.594711111	34.22510076	0.440006332	44.46589942	44.46589942	0.444658994	44.46589942	0.292646615	0.08986706	0.378086405	0.463053169	0.4375	-3.463533568
0.040027498	0.989554514	5.544222127	62.1219787	0.419628871	45.95940163	45.95940163	0.459594016	45.95940163	0.098274159	0.106222253	0.180110862	0.260419898	0.45	-3.868987791
0.076825979	0.619083547	2.413545615	155.9208513	0.523507207	50.73899117	50.73899117	0.507389912	50.73899117	0.384472092	0.153415172	0.501385315	0.613430601	0.5	-2.477392022
0.088774318	0.870430272	0.737295023	170.2388432	0.513079216	49.03760636	49.03760636	0.490376064	49.03760636	0.28714442	0.127041925	0.405132618	0.522419573	0.5	0.116088804
0.050240734	0.598308944	2.106346232	39.8827148	0.434072273	47.15954595	47.15954595	0.47159546	47.15954595	0.293610795	0.107180952	0.378547063	0.462119863	0.5	-0.678574865
0.072670931	1.711334147	0.753375266	33.18897112	0.501667885	48.90288735	48.90288735	0.489028874	48.90288735	0.382706729	0.114633115	0.487880705	0.591570932	0.5	-1.888272365
0.152858152	-1.816603248	0.43268037	173.4257792	0.493701079	49.01493354	49.01493354	0.490149335	49.01493354	0.017131123	0.125158494	0.09224997	0.169532312	0.483333333	-1.139175674
0.164418239	-0.628338044	-3.883999544	-122.5566467	0.579237725	53.87102499	53.87102499	0.53871025	53.87102499	0.164428075	0.167625475	0.275555372	0.385762183	0.533333333	3.240486578
0.053683681	1.943050649	3.058945037	101.4358998	0.440693073	43.73799581	43.73799581	0.437379958	43.73799581	0.186381981	0.091231803	0.282043108	0.378949798	0.440972222	-3.806561555
0.177564684	-1.848198198	-1.536780546	-166.8189618	0.564989319	53.243853	53.243853	0.53243853	53.243853	-0.014694378	0.171392339	0.089028828	0.19276185	0.525062657	2.279704258
0.154066979	-0.196730876	-3.809809846	-121.7210252	0.578885886	50.80229131	50.80229131	0.508022913	50.80229131	0.051876119	0.155918173	0.165025301	0.279374608	0.529824561	0.391512492
0.073958705	1.309865306	0.917296102	162.4956212	0.439935726	42.23691857	42.23691857	0.422369186	42.23691857	0.32769249	0.081104827	0.420186932	0.508672859	0.4	-3.222292136
0.135758166	-1.916763938	0.463509775	58.10295582	0.489543247	50.64793172	50.64793172	0.506479317	50.64793172	-0.090286381	0.134566462	-0.014906088	0.061357293	0.5	1.598587222
0.019863023	1.534108493	5.721861861	34.34779739	0.366131313	43.26773809	43.26773809	0.432677381	43.26773809	0.09337478	0.097756178	0.159543667	0.227255843	0.447222222	-1.711538247
0.144962738	-1.491927247	-3.005741348	-96.86699182	0.555233131	54.40911507	54.40911507	0.544091151	54.40911507	0.218107111	0.166932777	0.311450386	0.404927741	0.6	3.163125084
0.081441277	1.669588671	0.541634555	27.82174166	0.526640531	52.98506015	52.98506015	0.529850602	52.98506015	0.334113385	0.150494518	0.453888054	0.572859315	0.543560606	3.453936152
0.143617912	-0.370363552	-2.336063112	-68.48402129	0.568599727	53.22403604	53.22403604	0.53224036	53.22403604	-0.025978848	0.180160552	0.076679413	0.184008296	0.555555556	1.025787748
0.127246934	-2.490129117	-1.588685704	-24.68796507	0.506990991	51.32163236	51.32163236	0.513216324	51.32163236	0.16886006	0.138667064	0.235060922	0.298676329	0.539393939	-0.446912225
0.054268829	2.578160581	3.073133415	60.1827323	0.475323842	49.98350448	49.98350448	0.499835045	49.98350448	0.208110625	0.155354562	0.32153035	0.43673507	0.483333333	0.342858614
0.143687482	-0.675819491	-2.214389842	-54.22616036	0.569622336	54.82246596	54.82246596	0.54822466	54.82246596	0.144055725	0.172019411	0.247342124	0.350041841	0.555555556	2.601514125
0.056642609	1.147425258	1.795209917	130.252242	0.448073893	42.01245049	42.01245049	0.420124505	42.01245049	0.300083959	0.083223775	0.387805188	0.477153401	0.4	-5.935701826
0.080382289	1.369734011	0.64158992	168.9093809	0.469858354	43.07797834	43.07797834	0.430779783	43.07797834	0.209020243	0.088830015	0.311606216	0.414884235	0.454545455	-3.67769272
0.068489952	1.389631599	2.171671081	98.53244001	0.45010812	45.80793272	45.80793272	0.458079327	45.80793272	0.232219633	0.096084277	0.331526273	0.430958775	0.466666667	0.318303979
0.181786308	-1.95832046	-4.566452754	-133.4888379	0.593335059	55.10990542	55.10990542	0.551099054	55.10990542	0.266113989	0.187367008	0.369962673	0.473194111	0.559027778	3.199250514
0.109272586	0.942667935	-0.568663253	-176.2681257	0.524633887	48.06257945	48.06257945	0.480625795	48.06257945	0.458118972	0.137511839	0.581858572	0.705609246	0.5	-0.431631946
0.056303158	2.093542439	1.479385679	18.38622162	0.470137701	48.15306219	48.15306219	0.481530622	48.15306219	0.280790351	0.112223556	0.380951954	0.481167366	0.474937343	0.305971792
0.058462191	2.42863723	0.808881385	160.9567744	0.475058208	43.34156999	43.34156999	0.4334157	43.34156999	0.177934308	0.111388	0.298061379	0.418370491	0.422619048	-3.031339686
0.180873079	0.397556709	-5.993407465	-105.468689	0.620610905	55.36182629	55.36182629	0.553618263	55.36182629	0.190560582	0.20518689	0.314534177	0.440885069	0.550505051	4.41708954
0.109630555	-1.096680775	0.072857693	1.17988818	0.475410416	48.64030867	48.64030867	0.486403087	48.64030867	0.126245251	0.114850431	0.193946999	0.260293458	0.5	-1.311347942
0.135920804	-0.603041094	-1.058188668	-150.0799129	0.544555791	52.39101198	52.39101198	0.52391012	52.39101198	-0.035335202	0.170805248	0.066219905	0.16924759	0.535897436	0.62276854
0.172946133	-0.681957689	-6.91176106	-101.7883573	0.626325579	56.86941038	56.86941038	0.568694104	56.86941038	0.360891827	0.202730249	0.480149028	0.596304237	0.620192308	4.854996608
0.157721971	-2.019543475	-3.149350828	-127.9136127	0.543178783	53.60418242	53.60418242	0.536041824	53.60418242	0.14360788	0.172442671	0.243872757	0.34253625	0.6	5.956342976
0.170348849	-0.2606421	-4.686995699	-100.7761689	0.553837335	50.88314912	50.88314912	0.508831491	50.88314912	0.095573089	0.155548	0.195091096	0.294750023	0.533333333	0.510009429
0.156251166	-0.702730813	-3.366987439	-65.35988959	0.603710434	57.9681901	57.9681901	0.579681901	57.9681901	0.134521704	0.209380328	0.248291278	0.364897225	0.6	4.690150153
0.048273013	2.817480605	1.391088359	18.90012939	0.478453908	47.34642964	47.34642964	0.473464296	47.34642964	0.244945757	0.1234544	0.351921653	0.460424948	0.449494949	-2.453539212
0.060522286	2.12573504	2.473049872	121.2790227	0.496452972	49.49073931	49.49073931	0.494907393	49.49073931	0.228793257	0.134867712	0.350537865	0.476143655	0.486842105	0.41142883
0.168097243	0.429766308	-5.742741623	-76.87031356	0.629520339	58.52170041	58.52170041	0.585217004	58.52170041	0.313936256	0.219098881	0.434473737	0.555996737	0.584770115	4.550481952
0.181419343	-2.567923185	-3.56776387	-133.0945227	0.514430928	50.54039515	50.54039515	0.505403951	50.54039515	0.108681705	0.144857239	0.192965238	0.275396398	0.5	3.416397141
0.047073309	1.513285393	2.358439031	31.79313021	0.453892993	47.84618392	47.84618392	0.478461839	47.84618392	0.335346457	0.108591963	0.42826717	0.520119327	0.5	-0.600792168
0.141212064	-0.732236385	-3.262482166	-47.44567266	0.576976554	59.15406565	59.15406565	0.591540656	59.15406565	0.086165239	0.229698646	0.193685384	0.303536388	0.583333333	9.382567842
0.148897671	-1.112112619	-1.434858442	-45.50965934	0.523300626	52.97215141	52.97215141	0.529721514	52.97215141	0.039372315	0.157425814	0.127433524	0.215682462	0.545454545	3.060727356
0.058125948	1.241784214	3.996406522	111.0858359	0.460347532	47.22787701	47.22787701	0.47227877	47.22787701	0.169659939	0.113374407	0.274006579	0.376618748	0.464102564	-1.963864655
0.062709229	1.759536961	1.090898709	36.56766318	0.472484813	49.43029647	49.43029647	0.494302965	49.43029647	0.360362781	0.120780108	0.466285619	0.573894322	0.5	2.045141126
0.153871576	-2.948322144	-2.568837738	-94.17964725	0.500913947	51.48445017	51.48445017	0.514844502	51.48445017	0.047320116	0.148270967	0.120479479	0.194501204	0.535897436	4.584096304
0.146826114	-2.341822845	-2.775802149	-113.4490577	0.535915347	52.60201928	52.60201928	0.526020193	52.60201928	0.135094922	0.158119263	0.222383926	0.310395795	0.571428571	3.004830176
0.047983787	2.956517559	4.23719227	53.77074123	0.473565925	50.83999207	50.83999207	0.508399921	50.83999207	0.264520278	0.147236338	0.372828249	0.481850796	0.529824561	0.365830784
0.182959991	-1.17730422	-4.353849975	-115.8250161	0.561939568	52.24111378	52.24111378	0.522411138	52.24111378	0.254486652	0.149639554	0.350471743	0.446447787	0.529824561	2.523438474
0.06343566	2.604501146	3.035644968	81.28027962	0.506774837	51.48463755	51.48463755	0.514846376	51.48463755	0.29417098	0.15825656	0.411154575	0.526064632	0.5	-0.708940995
0.094908022	0.934727163	1.141235057	161.1090402	0.552644323	55.68805243	55.68805243	0.556880524	55.68805243	0.353329367	0.180506895	0.479394162	0.603873211	0.581140351	2.915247481
0.143928295	-3.163220382	-3.56734591	-132.6630215	0.567343185	56.33809513	56.33809513	0.563380951	56.33809513	0.163433628	0.216798528	0.259040046	0.354133325	0.654761905	4.77489703
0.047602823	2.487501934	4.40442458	45.61176984	0.511415568	55.11226067	55.11226067	0.551122607	55.11226067	0.211736927	0.193476563	0.333927573	0.458009347	0.571428571	3.165759925
0.054445566	1.854999051	2.423028084	43.03945243	0.434709667	45.41969929	45.41969929	0.454196993	45.41969929	0.217934532	0.095023011	0.313893855	0.407891445	0.45	0.104342214
0.120038206	-0.996345018	-2.776367965	-37.79416377	0.547647602	55.37605338	55.37605338	0.553760534	55.37605338	0.314326025	0.171383729	0.400066043	0.485039946	0.601809955	3.07382295
0.147703659	-0.842001625	-2.748026363	-84.65560298	0.588879841	55.43929251	55.43929251	0.554392925	55.43929251	0.028627075	0.190964386	0.145210607	0.263159939	0.577380952	4.73968993
0.133134843	0.199274131	-3.70225627	-32.03474172	0.593747705	58.58023336	58.58023336	0.585802334	58.58023336	0.084305729	0.238143135	0.197497991	0.311758695	0.620192308	7.727114533
0.048848164	0.900834667	3.828170999	48.22243114	0.44384845	48.93325164	48.93325164	0.489332516	48.93325164	0.252524967	0.120829443	0.342037089	0.430742399	0.533333333	0.882178877
0.102528583	0.344682259	-0.51553206	-4.565452089	0.536214958	55.42857186	55.42857186	0.554285719	55.42857186	-0.0410375	0.206893527	0.058812476	0.16107433	0.6	5.402886283
0.158564649	-0.114176203	-4.598185412	-105.0158397	0.544084677	50.0226619	50.0226619	0.500226619	50.0226619	0.068999822	0.155012722	0.174747973	0.281430725	0.516666667	2.833232837
0.162304051	-0.582401865	-3.280190556	-119.5491392	0.545475794	48.8565097	48.8565097	0.488565097	48.8565097	0.15598227	0.124643372	0.251525646	0.34636731	0.5	-1.274442186
0.101763757	1.221869123	0.707626258	169.1823698	0.549552768	52.68121277	52.68121277	0.526812128	52.68121277	0.330172275	0.155948472	0.459284347	0.58741351	0.5	2.067300564
0.06613696	2.235114757	2.048698468	70.40900027	0.498534945	49.20918549	49.20918549	0.492091855	49.20918549	0.324537113	0.120058918	0.432361896	0.539704755	0.5	-1.87568511
0.185520433	-2.229974701	-2.821335871	-153.4405632	0.537982325	48.74289241	48.74289241	0.487428924	48.74289241	0.015417977	0.133312932	0.105843179	0.198322642	0.5	1.434193603
0.121673239	-1.324572912	-0.798930163	-19.66027448	0.425830067	43.35713525	43.35713525	0.433571353	43.35713525	-0.133541793	0.096690371	-0.077305625	-0.019273723	0.388888889	-2.015470782
0.181059543	-2.926250717	-7.42291811	-126.3848376	0.609327268	55.80283085	55.80283085	0.558028309	55.80283085	0.29955691	0.230974139	0.405254542	0.509255598	0.633971292	5.840452091
0.036067426	1.067877307	5.918153355	64.45032449	0.409428605	44.65314206	44.65314206	0.446531421	44.65314206	0.133015825	0.096924915	0.215893327	0.299965266	0.454545455	-2.872296759
0.076334415	-0.148333783	2.47362479	154.3895409	0.458933758	46.13686154	46.13686154	0.461368615	46.13686154	0.34065074	0.11678128	0.437999265	0.533186653	0.418859649	-2.437942128
0.074627176	0.476717408	1.499041846	157.8826898	0.484452499	48.6191912	48.6191912	0.486191912	48.6191912	0.434879943	0.12972882	0.537931406	0.635244224	0.5	-1.991437636
0.070694832	3.546883522	-1.113713608	-20.40562949	0.510563299	48.57454507	48.57454507	0.485745451	48.57454507	0.365676449	0.124866562	0.479128009	0.592329386	0.485294118	-0.776675715
0.063999788	1.855429059	2.149001878	114.7077295	0.460016438	43.77391715	43.77391715	0.437739171	43.77391715	0.219728808	0.093696547	0.319971059	0.42115326	0.433035714	-4.885117641
0.12314957	-1.392683152	-2.142406351	-30.30534406	0.533669992	54.0877859	54.0877859	0.540877859	54.0877859	0.091799226	0.16390437	0.182787272	0.273228314	0.539393939	4.543965417
0.052503063	3.728487317	1.581372186	24.24380126	0.556904632	54.24900396	54.24900396	0.54249004	54.24900396	0.279379734	0.207328781	0.418629468	0.560127822	0.585714286	0.151406027
0.198620126	-1.120983924	-5.011330783	-140.1870854	0.575092558	52.09406235	52.09406235	0.520940623	52.09406235	0.092497391	0.169837113	0.207183822	0.324320303	0.5	5.73909064
0.048357525	2.109218117	5.461411945	82.64529247	0.497812456	53.62343973	53.62343973	0.536234397	53.62343973	0.170936682	0.1858466	0.289353836	0.40978417	0.5	-0.405950466
0.168508205	-1.887560624	-4.301193222	-103.9702083	0.566729422	55.60637748	55.60637748	0.556063775	55.60637748	0.281428924	0.181223224	0.375555368	0.466127182	0.6	4.174098325
0.099373835	-1.919460532	-0.208816124	-4.640757899	0.484268623	48.82449878	48.82449878	0.488244988	48.82449878	0.051110346	0.122919853	0.116167455	0.182816085	0.472136223	-2.153209833
0.128154879	-1.544999601	-0.66148422	-13.19033351	0.543879626	56.54070637	56.54070637	0.565407064	56.54070637	0.060252943	0.191621503	0.156545398	0.25222883	0.566964286	7.304400492
0.140576453	-2.343575781	-4.648225567	-99.04124397	0.562968929	54.24196279	54.24196279	0.542419628	54.24196279	0.370557899	0.182157878	0.459096777	0.542763826	0.6125	1.486574563
0.0709643	2.053311613	1.065893664	144.7062913	0.469082633	45.09520641	45.09520641	0.450952064	45.09520641	0.249768705	0.098408659	0.353303366	0.460027953	0.449494949	-2.082480028
0.186250059	-2.175950972	-3.758781915	-154.8765053	0.631302504	57.08622965	57.08622965	0.570862296	57.08622965	0.245245957	0.225053998	0.36701839	0.486019179	0.572727273	3.193371881
0.179570928	-3.111936525	-3.103168846	-158.5918232	0.575916601	53.84824651	53.84824651	0.538482465	53.84824651	0.181943899	0.196985329	0.283282075	0.381506245	0.569444444	2.251889573
0.205262244	-1.716239153	-6.216594853	-135.3517633	0.621268263	56.00230564	56.00230564	0.560023056	56.00230564	0.192451557	0.208168561	0.312833053	0.434123908	0.543560606	5.467774375
0.061266175	1.692803392	1.853337742	63.76209128	0.447300488	46.6099357	46.6099357	0.466099357	46.6099357	0.209674258	0.103179251	0.307555319	0.408545185	0.473684211	0.306009961
0.054686267	0.953992778	3.083492038	107.7340368	0.443127981	45.24732951	45.24732951	0.452473295	45.24732951	0.243858602	0.100629855	0.337030866	0.429701868	0.444444444	-2.223563206
0.031619167	1.254935442	2.914304081	26.57782111	0.411005408	45.39905377	45.39905377	0.453990538	45.39905377	0.372071173	0.102270926	0.451664729	0.529467846	0.5	-0.887642955
0.051748742	1.870969666	4.05837689	86.61314562	0.458026002	46.85587425	46.85587425	0.468558742	46.85587425	0.268204275	0.107722989	0.364405345	0.460472061	0.461538462	-3.639437883
0.090465932	0.848830746	0.203476405	172.3220019	0.465051653	46.69829924	46.69829924	0.466982992	46.69829924	0.333873302	0.102077135	0.435422395	0.535751403	0.486842105	0.89512003
0.065514938	1.630792824	3.210333768	69.15413906	0.50242465	54.06708675	54.06708675	0.540670867	54.06708675	0.211406086	0.171490786	0.332371763	0.454429377	0.526315789	5.028498674
0.149355532	-1.198933654	-2.846872778	-59.35649888	0.56112486	55.56180383	55.56180383	0.555618038	55.56180383	0.071495899	0.180445538	0.172415187	0.275801175	0.555555556	5.918158719
0.022024694	3.55659588	4.922619164	25.72455826	0.454830335	51.01518602	51.01518602	0.51015186	51.01518602	0.136710153	0.187444122	0.241545234	0.346845571	0.5	1.615611982
0.174871175	-0.96572003	-4.520757061	-112.3011807	0.546301482	48.23364572	48.23364572	0.482336457	48.23364572	0.08102956	0.126817608	0.175407363	0.269440041	0.474937343	-0.510181396
0.104746097	-0.383396735	0.641243909	7.272530287	0.46464701	47.23599176	47.23599176	0.472359918	47.23599176	0.028800487	0.121725525	0.095321986	0.159737201	0.454545455	-2.706859868
0.090357473	0.090926293	0.856935767	172.5209003	0.489490555	46.82292153	46.82292153	0.468229215	46.82292153	0.331357909	0.126804938	0.442492149	0.551803954	0.460606061	-0.434498551
0.079721922	2.038009461	-1.261196411	-132.6605854	0.485826267	45.15868463	45.15868463	0.451586846	45.15868463	0.435803626	0.09501524	0.545045021	0.652564027	0.454545455	-1.136731014
0.041040481	1.802340684	6.017510693	69.78048315	0.447464022	47.9424612	47.9424612	0.479424612	47.9424612	0.131274849	0.131216008	0.23028975	0.328494176	0.449494949	-2.098837247
0.190907906	-0.754019335	-6.085354323	-101.4038239	0.579405543	52.30593292	52.30593292	0.523059329	52.30593292	0.080580266	0.161843152	0.190373031	0.303349832	0.5	4.908869097
0.033140345	2.285139366	5.266049308	77.77920991	0.422198293	44.9197422	44.9197422	0.449197422	44.9197422	0.044182272	0.13388303	0.145791173	0.245479114	0.375	-3.165869099
0.184100666	-1.454755547	-4.265872316	-138.5517481	0.564415683	50.97698127	50.97698127	0.509769813	50.97698127	0.200173789	0.147454637	0.300955741	0.402354769	0.535897436	0.875420157
0.184611796	-1.019908105	-6.046306473	-96.77582133	0.573104658	52.8759909	52.8759909	0.528759909	52.8759909	0.200234148	0.159697435	0.304184798	0.409402875	0.526315789	3.540984237
0.056714611	2.366387771	2.310621482	93.55081098	0.471483679	47.00881582	47.00881582	0.470088158	47.00881582	0.160891489	0.127091191	0.274699029	0.390803319	0.441558442	-0.677472436
0.041771386	1.874596028	4.322852122	66.24155548	0.439926154	47.23510857	47.23510857	0.472351086	47.23510857	0.100139929	0.117666744	0.198243969	0.298309357	0.460606061	-0.189204567
0.078899651	-1.661255881	1.905770789	11.34538613	0.407809569	48.16047051	48.16047051	0.481604705	48.16047051	-0.015482073	0.129674776	0.031944904	0.079201417	0.5	3.000643081
0.077264306	1.23652363	2.836912034	146.9676276	0.453993578	46.0423091	46.0423091	0.460423091	46.0423091	0.213402681	0.106316799	0.320281083	0.427301266	0.461538462	0.26102092
0.18371821	-2.231849732	-4.823203025	-150.4652212	0.541503396	48.09481246	48.09481246	0.480948125	48.09481246	0.199725911	0.150138842	0.295800142	0.39181412	0.519230769	1.451913903
0.059889759	1.780760809	2.53466581	117.313716	0.51140053	48.48423486	48.48423486	0.484842349	48.48423486	0.200013932	0.134005641	0.32770483	0.457873315	0.5	-2.023085391
0.164378298	-2.066457507	-2.594730543	-145.8980304	0.541928252	51.41712408	51.41712408	0.514171241	51.41712408	0.086914639	0.14654131	0.178341909	0.271263644	0.5	1.523747961
0.07433964	2.012962396	2.126041649	152.6137491	0.526019179	51.36558746	51.36558746	0.513655875	51.36558746	0.130725851	0.158858136	0.262257627	0.396063434	0.5	0.630292325
0.064767347	0.637252979	0.772392356	137.0954423	0.492951455	50.23738333	50.23738333	0.502373833	50.23738333	0.496878672	0.138559496	0.59724352	0.693835003	0.516666667	-1.054750215
0.142560283	-0.516411534	-2.747903587	-47.04646094	0.520567842	53.32759405	53.32759405	0.53327594	53.32759405	0.105171798	0.160455225	0.195358864	0.287800045	0.540064103	6.067384268
0.176517285	-1.560162789	-3.582871759	-94.42484003	0.590646652	57.20993521	57.20993521	0.572099352	57.20993521	0.177421491	0.192281023	0.274479675	0.371986907	0.571428571	3.399532893
0.169719771	-1.43026384	-4.04410476	-94.64718892	0.549709377	55.61658992	55.61658992	0.556165899	55.61658992	0.144567421	0.182432463	0.240752337	0.338100378	0.555555556	5.922364938
0.158341668	-2.490266017	-3.68727403	-140.4208814	0.58327539	56.10703856	56.10703856	0.561070386	56.10703856	0.191906288	0.206118636	0.300874653	0.410207213	0.625	5.192767983
0.180342988	-0.455961203	-4.451228141	-122.1130896	0.637658	57.6934076	57.6934076	0.576934076	57.6934076	0.194752397	0.212202781	0.316442005	0.439805145	0.555555556	2.731315993
0.069982397	1.078082178	1.849801912	142.3580551	0.449345494	44.13323899	44.13323899	0.44133239	44.13323899	0.207391379	0.089836992	0.303812016	0.397576152	0.444444444	-2.167569316
0.040138017	1.434272697	5.619772573	101.2524097	0.433521785	45.55467346	45.55467346	0.455546735	45.55467346	-0.025889788	0.116174827	0.071544113	0.172364607	0.418859649	-3.311621868
0.180540644	-2.47886301	-5.719097258	-136.4315288	0.570951783	52.54811971	52.54811971	0.525481197	52.54811971	0.230552342	0.178968417	0.332858198	0.431954728	0.555555556	3.171124171
0.056776458	1.223249143	2.771377786	72.53459738	0.457446478	47.59573032	47.59573032	0.475957303	47.59573032	0.227436172	0.108968426	0.323247872	0.421695172	0.5	-0.519124607
0.141999554	-0.730356308	-2.19840038	-70.21142899	0.566484819	55.16764167	55.16764167	0.551676417	55.16764167	-0.016784106	0.18340391	0.092105905	0.205178799	0.583333333	5.665634384
0.06763214	2.301315871	1.655380407	51.48999575	0.522329825	54.02108308	54.02108308	0.540210831	54.02108308	0.451052445	0.156971763	0.568811127	0.684449887	0.547727273	2.231095717
0.190509735	-1.872521973	-3.657352572	-142.3910145	0.576146967	54.98179818	54.98179818	0.549817982	54.98179818	0.057904948	0.185695381	0.167530832	0.276895664	0.535897436	5.195215401
0.131693744	-1.474475622	-1.634605189	-39.66230929	0.552634855	54.22740288	54.22740288	0.542274029	54.22740288	0.089837143	0.16026395	0.18114486	0.274438798	0.571428571	2.889027819
0.124954125	-0.889879615	-0.954259009	-16.73732048	0.525091525	53.07644596	53.07644596	0.53076446	53.07644596	0.021413883	0.152959663	0.107955626	0.19757887	0.525062657	2.40835938
0.157585372	-1.660757326	-2.657211079	-122.7726131	0.530818526	51.13843472	51.13843472	0.511384347	51.13843472	0.061626516	0.14057307	0.157929213	0.253930493	0.5	3.439688091
0.163362812	-2.380550803	-2.945340253	-145.3322593	0.551011357	53.50986505	53.50986505	0.53509865	53.50986505	0.179876571	0.171569358	0.275574917	0.371299377	0.5625	3.042530995
0.184601833	-2.555140578	-4.467999401	-132.5022415	0.576661221	55.42698142	55.42698142	0.554269814	55.42698142	0.114401321	0.199533009	0.218944948	0.324490661	0.605555556	7.274203356
0.110139156	-1.506247962	-1.947703498	-14.01815505	0.475117024	51.25897816	51.25897816	0.512589782	51.25897816	0.153345963	0.141048192	0.214357079	0.273489044	0.541958042	2.308637727
0.119982353	-1.574444916	-0.013781462	-0.181886348	0.507726231	54.68759475	54.68759475	0.546875948	54.68759475	0.0887985	0.16624312	0.165860802	0.241931305	0.553639847	2.928504227
0.048665292	0.890008753	3.381100956	81.15580017	0.430383911	44.32713736	44.32713736	0.443271374	44.32713736	0.332557066	0.093158434	0.411293908	0.488298205	0.430555556	-5.429011459
0.174300968	-2.774149858	-5.300892773	-144.5816199	0.585687969	51.9022746	51.9022746	0.519022746	51.9022746	0.291333793	0.186439885	0.39444005	0.496513498	0.550505051	0.593556761
0.139839545	0.443615828	-2.022235985	-112.9836657	0.60491319	57.6670283	57.6670283	0.576670283	57.6670283	0.136937957	0.229277226	0.2547743	0.375780448	0.607692308	1.745069019
0.05217972	1.875302343	2.801726148	34.14580758	0.439536772	48.59859132	48.59859132	0.485985913	48.59859132	0.180043322	0.124293579	0.277934206	0.376573709	0.470175439	3.714416823
0.083547566	1.304695167	1.333876251	159.24886	0.461694402	44.70697365	44.70697365	0.447069737	44.70697365	0.267145027	0.093766277	0.369749024	0.47209162	0.454545455	-1.258165426
0.096318107	-0.126877505	-0.309257872	-2.726457162	0.457356795	46.36918249	46.36918249	0.463691825	46.36918249	-0.056202319	0.12695591	0.013434711	0.085432051	0.454545455	-0.980976389
0.077662751	2.163496267	1.141477114	100.2841025	0.521058051	51.25527677	51.25527677	0.512552768	51.25527677	0.213531379	0.143375755	0.336920864	0.461668485	0.5	1.582731399
0.134604885	-1.282768468	-2.917288243	-29.16742818	0.447374257	45.193428	45.193428	0.45193428	45.193428	0.026374461	0.097805675	0.084264812	0.139415938	0.452272727	0.020948796
0.154939115	-2.378353591	-2.494485534	-141.5669617	0.584116217	57.63980677	57.63980677	0.576398068	57.63980677	0.225589762	0.211801205	0.323627398	0.42103049	0.630681818	3.244938006
0.098332911	-0.505236315	1.455730697	16.75867697	0.483381846	50.44317961	50.44317961	0.504431796	50.44317961	-0.03424199	0.150850218	0.039461276	0.114641097	0.486842105	-0.75608376
0.179519577	-0.999827421	-4.401334568	-117.3506735	0.572001022	52.96509199	52.96509199	0.52965092	52.96509199	0.161746466	0.159735819	0.268153599	0.373376677	0.520525452	2.837181673
0.069660583	2.725738392	0.19098866	12.87156807	0.528842691	51.87067397	51.87067397	0.51870674	51.87067397	0.320529776	0.144526293	0.447295853	0.574376797	0.529824561	1.692769405
0.064075617	0.382042109	1.239304709	89.75182802	0.462421594	48.10685179	48.10685179	0.481068518	48.10685179	0.276859808	0.116750611	0.371927418	0.468464995	0.5	-0.0313522
0.06109997	2.371984376	2.931369373	128.9025861	0.478817405	46.79118745	46.79118745	0.467911875	46.79118745	0.21853414	0.114196947	0.326841314	0.438824305	0.473684211	-2.884949334
0.052405647	0.747666888	2.442310505	85.0752282	0.423180948	44.30146308	44.30146308	0.443014631	44.30146308	0.343857649	0.094601294	0.426366591	0.509294522	0.428571429	-2.008823299
0.086799991	0.711725254	0.074871205	178.0395459	0.452466389	45.10092021	45.10092021	0.451009202	45.10092021	0.340989359	0.094214515	0.433241876	0.520715955	0.460606061	-1.437553002
0.049654632	1.414176292	5.782218764	101.3193148	0.466323911	48.97947629	48.97947629	0.489794763	48.97947629	0.146801344	0.132545231	0.251296478	0.357132227	0.473684211	-2.714042833
0.065499702	2.299499145	2.93205999	94.57837572	0.513640081	52.71410716	52.71410716	0.527141072	52.71410716	0.177134957	0.178810727	0.299285683	0.423222391	0.531372549	0.365773844
0.050665854	0.972163574	3.951434359	104.4294548	0.436682055	44.38845512	44.38845512	0.443884551	44.38845512	0.325377488	0.093087923	0.41862343	0.510739537	0.428571429	-2.838260224
0.072678328	1.875356262	3.253497486	131.6783363	0.481312615	48.18080089	48.18080089	0.481808009	48.18080089	0.169225458	0.126905086	0.280928359	0.394110034	0.473684211	-1.489870045
0.083634779	1.017340002	-1.921624514	-124.9259889	0.485953365	44.8990943	44.8990943	0.448990943	44.8990943	0.338146201	0.095554322	0.441184887	0.540162999	0.454545455	-2.733829092
0.045343631	2.217216244	3.385915969	69.27934916	0.449175295	45.83811245	45.83811245	0.458381124	45.83811245	0.229353215	0.11510758	0.326126245	0.423957047	0.392307692	-4.240026327
0.094338414	0.063999364	1.590129147	168.2478802	0.490102673	47.97845942	47.97845942	0.479784594	47.97845942	0.3990503	0.137486147	0.505910678	0.609822927	0.5	-1.048152769
0.095406626	0.440736869	0.052381674	179.4538021	0.491518844	46.00026556	46.00026556	0.460002656	46.00026556	0.3615245	0.112122324	0.461511225	0.561823088	0.454545455	-3.288978727
0.068562512	0.044581036	1.528531717	70.4390634	0.454208251	46.580903	46.580903	0.46580903	46.580903	0.301163954	0.102765314	0.39092461	0.481832076	0.5	0.243798189
0.204470688	-1.350250461	-6.195593824	-142.7994056	0.61691491	53.67128015	53.67128015	0.536712802	53.67128015	0.00739797	0.210340315	0.133846233	0.261286569	0.543560606	3.456290377
0.083149667	1.354741236	1.033067227	163.519057	0.510453403	48.64949144	48.64949144	0.486494914	48.64949144	0.264061455	0.123891748	0.385695555	0.507659828	0.464102564	0.423150745
0.070553314	2.345729771	2.503890412	122.9212386	0.546134271	55.63042266	55.63042266	0.556304227	55.63042266	0.216751606	0.204024312	0.358375644	0.499133382	0.571428571	2.97761546
0.06871317	2.621713693	0.557674607	92.34847757	0.524145467	50.88881506	50.88881506	0.508888151	50.88881506	0.240457067	0.150882819	0.37090051	0.503018073	0.5	1.6504124
0.127270845	-1.792896645	-1.594651168	-17.67420421	0.501962522	52.32068936	52.32068936	0.523206894	52.32068936	0.068590082	0.145630719	0.137052532	0.206955649	0.540064103	2.918160555
0.039559029	2.243639914	4.555715548	47.41402762	0.429059671	47.52300431	47.52300431	0.475230043	47.52300431	0.149552457	0.125506231	0.239078821	0.327316422	0.458041958	-1.403050285
0.059711403	0.485170026	3.940500651	121.8606997	0.393534728	40.54030975	40.54030975	0.405403097	40.54030975	0.194775192	0.072568033	0.273504287	0.352238105	0.428571429	-3.995926677
0.14891072	-0.47462988	-4.064001765	-47.04289171	0.581181151	57.80630449	57.80630449	0.578063045	57.80630449	0.112030024	0.207098735	0.215550557	0.318550999	0.577380952	6.940660016
0.154121045	-0.592954604	-2.302007752	-86.83248456	0.551437548	53.10307834	53.10307834	0.531030783	53.10307834	0.026520698	0.158508002	0.126183504	0.226507666	0.533333333	2.527740223
0.083111757	1.827533193	1.491651246	132.1386099	0.48127735	47.59216204	47.59216204	0.47592162	47.59216204	0.257388611	0.111067227	0.367194114	0.477313414	0.461538462	0.109257125
0.031409736	1.906365388	2.428094686	21.54538689	0.426603886	43.63391154	43.63391154	0.436339115	43.63391154	0.326684338	0.088468739	0.405366517	0.483268065	0.418859649	-4.817108486
0.039827869	2.51342713	4.506061369	45.61282784	0.486552913	51.73854783	51.73854783	0.517385478	51.73854783	0.213458425	0.157432503	0.322896596	0.431059124	0.513157895	-0.923922041
0.098853909	2.276113489	-0.611850317	-171.4204449	0.580430613	52.34162114	52.34162114	0.523416211	52.34162114	0.347511211	0.16448291	0.489757097	0.632565084	0.529824561	0.043397886
0.057845488	2.545163185	1.597425544	127.4484263	0.473585868	45.81774084	45.81774084	0.458177408	45.81774084	0.233871292	0.111474309	0.347560542	0.459779006	0.410526316	-2.404480171
0.017850234	1.902903068	6.029400535	29.14742467	0.391009115	46.22113131	46.22113131	0.462211313	46.22113131	0.169650953	0.123861103	0.240680993	0.310210755	0.454545455	-1.676296747
0.084660475	1.286072636	1.772107011	162.5011883	0.511751648	48.86291341	48.86291341	0.488629134	48.86291341	0.192922386	0.131575097	0.313788013	0.432889588	0.5	-1.763014768
0.041304811	0.597702299	4.832100487	57.46754859	0.401861265	43.4006988	43.4006988	0.434006988	43.4006988	0.093611634	0.088180855	0.166384727	0.240043476	0.444444444	-2.911110496
0.159489493	-1.103544446	-0.438638226	-173.1072996	0.550306248	52.63040849	52.63040849	0.526304085	52.63040849	0.020046779	0.160935303	0.122561679	0.225871519	0.5	1.277578619
0.160674715	-1.747980704	-2.579465733	-137.3841703	0.600147038	56.88008129	56.88008129	0.568800813	56.88008129	0.11497684	0.198066895	0.232273813	0.348907317	0.555555556	4.949602763
0.080061242	2.456495177	0.284453387	148.3218302	0.505369569	50.34095452	50.34095452	0.503409545	50.34095452	0.237192301	0.146542437	0.361372004	0.486926506	0.5	2.899758644
0.043998317	1.647445167	4.998214939	44.93737418	0.437738634	50.64735642	50.64735642	0.506473564	50.64735642	0.075316694	0.1594923	0.171860416	0.273582513	0.466666667	3.73563089
0.183757963	-1.585221452	-4.05734467	-143.7653141	0.591113816	56.14019982	56.14019982	0.561401998	56.14019982	0.083593385	0.207913077	0.201771544	0.321874046	0.555555556	7.893397907
0.025940957	1.562276134	5.407808622	48.94206031	0.368022715	42.08996241	42.08996241	0.420899624	42.08996241	0.129886437	0.084666033	0.20334707	0.27823892	0.428571429	-2.187464264
0.197002108	-1.320551139	-5.361134358	-130.9890018	0.598864931	54.49295054	54.49295054	0.544929505	54.49295054	0.184717831	0.184015287	0.297252647	0.410678877	0.540064103	4.592895197
0.074637078	2.444389854	1.347483766	154.3291869	0.516004844	49.49792214	49.49792214	0.494979221	49.49792214	0.306968266	0.132662501	0.433807485	0.558138245	0.5	-0.294791861
0.178603297	-2.008030015	-3.713145694	-145.0765186	0.605738421	55.43360388	55.43360388	0.554336039	55.43360388	0.074154256	0.194246483	0.19041169	0.305905774	0.538461538	4.383445132
0.134881776	-0.84536222	-1.224180655	-41.27160683	0.549427313	54.91512521	54.91512521	0.549151252	54.91512521	-0.043371045	0.184563811	0.05355503	0.154403491	0.571428571	3.355935391
0.177243553	-3.314988375	-4.756429005	-149.7279964	0.607241644	55.58578214	55.58578214	0.555857821	55.58578214	0.238506906	0.22952292	0.350055677	0.460787798	0.605555556	4.137685921
0.138551921	-0.563823572	-3.698329088	-45.26393686	0.541227952	53.45702581	53.45702581	0.534570258	53.45702581	0.0774811	0.160305488	0.168812085	0.262693093	0.531372549	4.269427954
0.10395631	0.6439739	0.213235569	177.8583878	0.557876135	53.796354	53.796354	0.53796354	53.796354	0.381300034	0.176278666	0.512919618	0.645452383	0.550505051	3.37067973
0.084678122	1.390045436	0.746563784	171.4324112	0.500151089	47.35627479	47.35627479	0.473562748	47.35627479	0.443604727	0.118389201	0.553056431	0.660016885	0.464102564	-2.838514659
0.156735059	-1.561622593	-4.469916297	-79.4956979	0.56955078	54.74383899	54.74383899	0.54743839	54.74383899	0.210706277	0.172095887	0.308692083	0.40713726	0.57518797	4.55466682
0.19767365	-2.484115188	-3.899041556	-153.84982	0.620210366	57.90310275	57.90310275	0.579031027	57.90310275	0.181137755	0.235259607	0.299359432	0.41504606	0.591666667	5.189227273
0.160167713	-0.524466042	-2.876491337	-133.6714762	0.631501427	59.15328635	59.15328635	0.591532863	59.15328635	-0.005233476	0.239631009	0.122008512	0.250591777	0.651515152	5.218208887
0.061767923	1.104609393	1.706171271	58.05058862	0.47511345	48.85677569	48.85677569	0.488567757	48.85677569	0.31687758	0.117193446	0.416050367	0.514026045	0.5	-0.071439755
0.12931722	-1.339077072	-1.344263209	-27.99538248	0.490324171	49.51583357	49.51583357	0.495158336	49.51583357	0.110165963	0.120411429	0.183318468	0.255282404	0.5	0.584375658
0.048923758	0.678230829	3.358573862	49.37494836	0.441568355	47.99030169	47.99030169	0.479903017	47.99030169	0.281112619	0.114293852	0.37061262	0.456217809	0.5	0.191643463
0.160538496	-0.636039569	-5.562548815	-75.11962263	0.602723928	57.09466314	57.09466314	0.570946631	57.09466314	0.226160302	0.198918178	0.337876445	0.447931879	0.571428571	5.385249945
0.168079838	-1.362461686	-4.1139635	-89.27527451	0.565185941	52.84583479	52.84583479	0.528458348	52.84583479	0.120145547	0.15734405	0.221153016	0.324124569	0.523809524	4.138567418
0.039047706	1.697555408	3.626219418	47.55015501	0.420718552	44.2959422	44.2959422	0.442959422	44.2959422	0.123286257	0.094505745	0.210528521	0.299374166	0.449494949	-2.319116517
0.05263136	2.180876184	1.173000865	25.23769225	0.455361412	47.55845955	47.55845955	0.475584595	47.55845955	0.357400627	0.107742501	0.458436913	0.555874637	0.466666667	0.465502252
0.077337841	2.530473702	1.173382562	96.57406922	0.527202352	53.50301635	53.50301635	0.535030164	53.50301635	0.225851634	0.173561228	0.355465203	0.483846842	0.555555556	3.316694298
0.076843983	0.995287954	1.366243557	165.7513772	0.542071156	53.15258051	53.15258051	0.531525805	53.15258051	0.522550142	0.185194518	0.647557342	0.768959901	0.545454545	0.188862475
0.04288209	1.935135222	5.466381961	59.90218868	0.472818723	52.25270523	52.25270523	0.522527052	52.25270523	0.254285629	0.152343406	0.356056203	0.457842386	0.514705882	-0.179408086
0.05727772	2.305648592	2.958998391	75.69639074	0.53642853	53.89020212	53.89020212	0.538902021	53.89020212	0.157426765	0.188075184	0.29020036	0.422874219	0.514705882	1.083906141
0.065877826	0.548094202	2.444456877	144.7411279	0.437809437	42.48475581	42.48475581	0.424847558	42.48475581	0.269427768	0.088185354	0.358806508	0.447279817	0.3875	-4.455167593
0.060422992	2.402340785	2.92357708	74.88971856	0.470988679	48.96700769	48.96700769	0.489670077	48.96700769	0.223649274	0.132627082	0.331937437	0.43866305	0.5	-0.686821375
0.156073721	-0.008570584	-3.676709274	-92.6929102	0.587843179	55.57454038	55.57454038	0.555745404	55.57454038	0.128058684	0.191741918	0.24213786	0.359081247	0.577380952	4.062331731
0.130270586	-0.167965543	-1.500543538	-25.11767191	0.581462726	58.92047959	58.92047959	0.589204796	58.92047959	0.095276149	0.221780091	0.204887876	0.314759157	0.607692308	5.706687568
0.040906518	1.770033912	3.172594385	49.60699169	0.404653079	40.79862329	40.79862329	0.407986233	40.79862329	0.12157247	0.078212836	0.200868938	0.28189753	0.386752137	-4.625993288
0.175123244	-0.0201935	-5.008543762	-138.2046902	0.608115076	56.01096672	56.01096672	0.560109667	56.01096672	0.065742304	0.224908151	0.192947024	0.323603477	0.591666667	5.308422805
0.181302467	-0.43836529	-4.220490921	-132.386914	0.599029845	53.48426479	53.48426479	0.534842648	53.48426479	0.215003869	0.171180732	0.331844202	0.447766758	0.5	1.09188788
0.197139984	-1.11549082	-6.481687284	-130.6862214	0.636842921	55.89166842	55.89166842	0.558916684	55.89166842	0.2765903	0.203181947	0.395401522	0.514128558	0.58125	2.792868994
0.124682647	1.980371751	-3.454377327	-156.1180402	0.544128208	47.37932012	47.37932012	0.473793201	47.37932012	0.327040827	0.133326852	0.458805534	0.593053359	0.46547619	0.512819905
0.171602773	-0.469499213	-4.548542863	-113.0138497	0.59535057	57.25368424	57.25368424	0.572536842	57.25368424	0.055088416	0.217131889	0.174420512	0.296848406	0.6	7.629429369
0.17194182	-1.204200966	-1.740795044	-158.9586618	0.523953376	49.65645171	49.65645171	0.496564517	49.65645171	-0.05270152	0.141478469	0.043225421	0.140277934	0.486842105	1.611273743
0.067007642	0.758903926	1.821427183	146.2926501	0.480129742	45.96133027	45.96133027	0.459613303	45.96133027	0.452840399	0.108960202	0.55526169	0.655239827	0.427083333	-3.712939025
0.160325286	-1.371276422	-2.433014382	-119.8173024	0.496973648	48.41160179	48.41160179	0.484116018	48.41160179	0.118256236	0.117199249	0.200084143	0.283568993	0.5	1.598256497
0.089460655	0.834859307	0.193219903	171.2386049	0.481836209	48.56505652	48.56505652	0.485650565	48.56505652	0.336215905	0.115669059	0.440945034	0.546954539	0.5	1.501979973
0.181840382	-2.636669323	-4.935654973	-131.8666542	0.572192638	54.21575831	54.21575831	0.542157583	54.21575831	0.149751419	0.183690501	0.245765348	0.341870566	0.581140351	4.256116127
0.160060805	-1.464340363	-2.313363292	-126.411549	0.565473896	55.45357733	55.45357733	0.554535773	55.45357733	0.038045353	0.181916244	0.141309477	0.249808133	0.547727273	5.390967607
0.177883166	-1.35447432	-3.620506318	-125.7944164	0.535471047	51.59848199	51.59848199	0.51598482	51.59848199	0.093029236	0.145638179	0.184212405	0.277013124	0.5	3.780326657
0.158999934	-3.499500095	-2.221611767	-143.634512	0.530553913	52.4776552	52.4776552	0.524776552	52.4776552	0.061693302	0.161548591	0.138780784	0.216401299	0.5	0.535068103
0.176145228	-0.450083167	-5.954875078	-138.761298	0.665847931	55.36879396	55.36879396	0.55368794	55.36879396	0.11025815	0.233070957	0.250699957	0.392184806	0.57518797	0.544686478
0.131796491	-2.24132213	-2.060872628	-135.6870802	0.580000676	57.37547407	57.37547407	0.573754741	57.37547407	0.197816531	0.211994109	0.294712092	0.388535868	0.630681818	2.631675683
0.160491105	-1.340567182	-2.271608786	-102.52468	0.563198821	54.87466759	54.87466759	0.548746676	54.87466759	0.168014552	0.166300121	0.260391974	0.353431446	0.555555556	2.166297264
0.156828508	-2.131349611	-2.737456414	-117.0169786	0.579008332	56.59358863	56.59358863	0.565935886	56.59358863	0.191411212	0.190104261	0.289249303	0.384541227	0.6	4.037638406
0.152594866	-1.7702693	-3.671145614	-102.3528192	0.540424828	52.66158621	52.66158621	0.526615862	52.66158621	0.199051841	0.159749442	0.291228665	0.383638609	0.583333333	4.454070224
0.070770263	1.689343056	1.708382019	158.6904125	0.476950124	44.47645633	44.47645633	0.444764563	44.47645633	0.266179772	0.102098607	0.374873801	0.483879035	0.454545455	-4.314234584
0.071384897	1.846245587	0.767665759	16.55258867	0.488940878	51.71683243	51.71683243	0.517168324	51.71683243	0.384802969	0.1366913	0.490007876	0.59362661	0.5	2.321794671
0.085614767	1.962202421	0.566034005	170.3535004	0.506827482	49.52965368	49.52965368	0.495296537	49.52965368	0.206080284	0.134375403	0.32959279	0.454455865	0.5	1.257148696
0.08006038	1.287173702	1.297035348	155.8496696	0.475477972	46.59546288	46.59546288	0.465954629	46.59546288	0.309890498	0.105754824	0.415449717	0.519912037	0.470175439	-0.551162928
0.048779745	1.555186322	2.228967594	100.8014528	0.441198294	41.74071665	41.74071665	0.417407166	41.74071665	0.220582908	0.079266843	0.319262524	0.416285562	0.418859649	-4.412916207
0.070202463	3.381363789	0.719097065	59.75630526	0.585389355	56.55954152	56.55954152	0.565595415	56.55954152	0.38814364	0.215809814	0.53410068	0.680695934	0.558441558	0.542349897
0.112886179	-0.558786815	-0.27406752	-2.76546066	0.4985279	50.76618292	50.76618292	0.507661829	50.76618292	-0.035147874	0.146682866	0.038733486	0.11651684	0.516666667	-0.017606458
0.07399989	2.015738434	1.38107053	134.5613038	0.505055324	50.33661553	50.33661553	0.503366155	50.33661553	0.257509952	0.132429087	0.375925923	0.494606262	0.5	1.505361608
0.208673756	-2.262745532	-6.354425863	-132.9220168	0.599213701	52.66130854	52.66130854	0.526613085	52.66130854	0.198041307	0.176926118	0.305955398	0.414166829	0.538461538	3.385661564
0.117005639	0.019339972	-1.324242886	-17.18784368	0.544656637	53.27615441	53.27615441	0.532761544	53.27615441	0.024085605	0.175482515	0.124470952	0.226336445	0.559027778	2.721236856
0.093408603	0.45252539	1.401763194	167.8910997	0.494728377	49.45235576	49.45235576	0.494523558	49.45235576	0.348426333	0.14502781	0.465966195	0.581661841	0.529824561	2.601325795
0.055009225	1.000777239	4.01863089	65.82354879	0.417317594	46.63128898	46.63128898	0.46631289	46.63128898	0.15049422	0.107652022	0.236939975	0.327049975	0.447222222	0.56072389
0.081552186	0.338647431	2.419952905	112.3898176	0.51691536	53.54046442	53.54046442	0.535404644	53.54046442	0.286876816	0.159474432	0.400939763	0.513806704	0.559027778	2.577921385
0.162733017	-2.042576906	-3.399262641	-137.5866912	0.567604774	53.53768571	53.53768571	0.535376857	53.53768571	0.266341771	0.170148051	0.360272598	0.450629005	0.539393939	0.805948484
0.077677262	1.550442558	1.550494271	163.872157	0.488495331	45.08718152	45.08718152	0.450871815	45.08718152	0.182262829	0.111309916	0.298110591	0.415402549	0.440972222	-3.487660745
0.055509625	1.37779996	2.762247424	45.86955954	0.443951003	46.59136016	46.59136016	0.465913602	46.59136016	0.244448962	0.101354202	0.336347785	0.43105906	0.473684211	-0.460354652
0.077602921	-0.057053494	1.597371555	165.6402069	0.45960995	44.88015161	44.88015161	0.448801516	44.88015161	0.345349672	0.118223919	0.441614178	0.535319093	0.42481203	-2.856218096
0.032285807	2.309282501	3.392059349	25.26857726	0.438371747	48.32940518	48.32940518	0.483294052	48.32940518	0.394167086	0.116016141	0.480902103	0.563404618	0.461538462	-1.540033061
0.153066443	-2.25429914	-3.032104753	-138.1449372	0.573528484	56.07707757	56.07707757	0.560770776	56.07707757	0.217816468	0.197550257	0.318244855	0.415682341	0.625	4.135167776
0.054019837	0.946099316	3.54709627	77.30205194	0.445204959	47.11821735	47.11821735	0.471182173	47.11821735	0.257683259	0.105211253	0.34789464	0.434622272	0.5	-2.387123024
0.059480026	2.561856044	2.385216387	120.9722115	0.498017996	49.785646	49.785646	0.49785646	49.785646	0.222493192	0.137356528	0.348667953	0.47642264	0.5	1.450719901
0.192304353	-0.663619733	-5.726578092	-134.4633748	0.584844861	52.17652679	52.17652679	0.521765268	52.17652679	0.09538831	0.179949799	0.212135721	0.32899193	0.516666667	2.702356203
0.056224272	0.644320194	3.536332491	103.4272185	0.454942277	49.62323429	49.62323429	0.496232343	49.62323429	0.335642556	0.135799126	0.432175382	0.529663548	0.5	0.306029822
0.063884225	1.723040045	2.997822868	116.4852806	0.484640505	49.3188266	49.3188266	0.493188266	49.3188266	0.198494813	0.134230351	0.308953835	0.423042863	0.449494949	-1.283803253
0.028994821	2.618277866	5.710605263	49.02214986	0.400789817	45.42301062	45.42301062	0.454230106	45.42301062	0.161350307	0.114413813	0.242862551	0.322946427	0.444444444	-3.166153426
0.141124512	-0.20989455	-2.806396096	-127.8452924	0.530385618	48.02891622	48.02891622	0.480289162	48.02891622	-0.015369259	0.149429423	0.079469451	0.176166384	0.440972222	-2.864252544
0.061556905	1.705816841	0.742187109	14.00328156	0.459609841	47.0424447	47.0424447	0.470424447	47.0424447	0.36398369	0.101770956	0.458626425	0.554626715	0.472136223	0.263799447
0.175887677	-1.127026062	-3.742479817	-133.78152	0.603217839	55.75096837	55.75096837	0.557509684	55.75096837	-0.015325477	0.201951942	0.105985103	0.228613853	0.583333333	5.3176981
0.153345253	-0.682637061	-2.401013431	-77.25804471	0.536265945	50.56761997	50.56761997	0.5056762	50.56761997	0.022379032	0.14782606	0.117366271	0.213159837	0.5	1.584742487
0.089796606	1.515080758	0.73805635	163.7032654	0.494689086	48.86161059	48.86161059	0.488616106	48.86161059	0.330782702	0.119644897	0.443879663	0.55900348	0.5	1.407741853
0.186010787	-3.457372204	-5.749820502	-139.2736456	0.571002485	54.25771974	54.25771974	0.542577197	54.25771974	0.204235646	0.212980025	0.300663431	0.395932061	0.620192308	5.348789287
0.069097272	0.362791166	2.463111863	92.22898974	0.472895968	50.34919866	50.34919866	0.503491987	50.34919866	0.335518951	0.134518557	0.435710292	0.531273637	0.533333333	0.98995085
0.141273325	-0.198555513	-3.506979306	-52.83913769	0.525395567	52.04225448	52.04225448	0.520422545	52.04225448	0.072247066	0.15107868	0.16587806	0.257128228	0.547008547	3.605212697
0.168179231	-1.262760264	-4.917342034	-131.3709346	0.601385241	55.09797641	55.09797641	0.550979764	55.09797641	0.250186555	0.186331637	0.360585342	0.471170778	0.577380952	2.850990225
0.087574776	1.430165524	1.643100262	157.9482839	0.520766477	50.15867303	50.15867303	0.50158673	50.15867303	0.168428648	0.142266527	0.295025192	0.423393044	0.5	0.468142379
0.063027856	1.236109696	0.130307586	3.117118378	0.4999426	50.6448123	50.6448123	0.506448123	50.6448123	0.406061754	0.131091905	0.512988567	0.61811924	0.516666667	0.771238388
0.124906059	-1.231175871	0.094696534	116.1430508	0.49017249	48.07582513	48.07582513	0.480758251	48.07582513	-0.143174689	0.141146509	-0.065608622	0.011747347	0.466666667	-2.334221895
0.080084269	2.678101836	0.221734893	165.3542874	0.521851317	49.86014309	49.86014309	0.498601431	49.86014309	0.308825196	0.137479376	0.434734842	0.561168204	0.5	0.889110626
0.098669642	0.742152493	-0.342786637	-177.5522036	0.507237442	45.94704783	45.94704783	0.459470478	45.94704783	0.453845931	0.127095317	0.560407154	0.663466859	0.483333333	-4.023989801
0.157395245	-0.744882619	-5.031305134	-79.90802006	0.572879595	52.87936503	52.87936503	0.52879365	52.87936503	0.212233102	0.153820968	0.314042914	0.414368812	0.535897436	2.67278246
0.125114537	-1.486306178	-0.675553252	-8.16119085	0.503719642	52.98939757	52.98939757	0.529893976	52.98939757	0.052428627	0.154149314	0.127656692	0.202403969	0.5	2.551996099
0.167715383	-0.168580395	-4.362090643	-91.3788126	0.614092336	57.08843621	57.08843621	0.570884362	57.08843621	0.124615085	0.212731536	0.244969212	0.365776535	0.595454545	3.965948258
0.080265324	2.121098121	0.482491423	169.8480928	0.493708941	46.04137552	46.04137552	0.460413755	46.04137552	0.296538608	0.106546636	0.409872324	0.523307672	0.454545455	-2.174633682
0.143444665	-0.571928835	-1.59759072	-70.42816995	0.519486673	49.13396601	49.13396601	0.49133966	49.13396601	0.037743452	0.12724408	0.125345794	0.210841497	0.5	-1.005904157
0.043746436	1.518821919	4.887620847	88.81222666	0.416056701	44.78204152	44.78204152	0.447820415	44.78204152	0.063036789	0.113098076	0.151610189	0.2423468	0.363636364	-3.143998842
0.056067426	2.454398779	2.104854526	54.8843139	0.4676442	48.4145066	48.4145066	0.484145066	48.4145066	0.121270429	0.139256358	0.239089053	0.35961289	0.5	3.067706334
0.063432757	0.604542669	1.883638569	55.4706902	0.466503401	51.76345649	51.76345649	0.517634565	51.76345649	0.260962968	0.146305051	0.366973854	0.469745662	0.533333333	3.96893262
0.042733456	3.051126399	4.196261221	71.13324361	0.495736883	50.78575516	50.78575516	0.507857552	50.78575516	0.201800552	0.152869689	0.319840882	0.436946124	0.5	-1.1059985
0.079734399	-0.463255611	1.309254318	165.8081413	0.509362236	50.64647235	50.64647235	0.506464724	50.64647235	0.381460869	0.161848613	0.492369999	0.603246003	0.5	-0.254565398
0.196862506	-2.30083739	-3.542464709	-151.4028097	0.58141893	53.65032409	53.65032409	0.536503241	53.65032409	0.124771213	0.178734931	0.232649344	0.339028053	0.541958042	3.602576298
0.164921954	-2.504266361	-3.086052004	-139.8628788	0.575121197	56.52601532	56.52601532	0.565260153	56.52601532	0.198115316	0.20098888	0.295097497	0.394373268	0.613247863	4.342006244
0.045356218	2.101479312	3.237371471	40.27254454	0.420158877	45.55917532	45.55917532	0.455591753	45.55917532	0.199383056	0.103506081	0.288195643	0.375276814	0.454545455	-1.160485003
0.128639571	-1.356580595	-1.657506459	-21.07690695	0.480060646	48.95815572	48.95815572	0.489581557	48.95815572	0.16449352	0.118473699	0.224005222	0.281454411	0.5	-1.453697811
0.033328937	1.928839898	4.309760542	57.24158162	0.405629017	42.97653498	42.97653498	0.42976535	42.97653498	0.220096668	0.085419013	0.296265541	0.372430258	0.428571429	-4.791706883
0.197524563	-1.182701833	-6.124089937	-127.3455494	0.604406829	53.91225202	53.91225202	0.53912252	53.91225202	0.152627026	0.181785416	0.267386517	0.383697437	0.535897436	3.781438891
0.043740931	3.006455548	2.423275112	24.10721262	0.478235217	48.76160182	48.76160182	0.487616018	48.76160182	0.213584678	0.138109868	0.320746484	0.427284431	0.5	-1.108407688
0.078261244	1.599511103	1.337212608	50.14902264	0.553387931	56.10537196	56.10537196	0.56105372	56.10537196	0.257103691	0.179678078	0.381310659	0.505415634	0.550862069	2.891141
0.126822977	-2.35599266	-2.201655118	-83.43028965	0.51399613	49.46299531	49.46299531	0.494629953	49.46299531	0.197876584	0.130774195	0.276490118	0.352407895	0.5	0.34768841
0.067107864	-0.363937761	3.34462352	123.9988187	0.450646525	48.08379636	48.08379636	0.480837964	48.08379636	0.248270666	0.128330829	0.341693334	0.436175189	0.5	0.503868078
0.070975852	-0.070334792	2.885020563	124.1306663	0.423922491	46.41655089	46.41655089	0.464165509	46.41655089	0.24729148	0.107599483	0.333504294	0.418296534	0.466666667	0.173985552
0.174357532	-1.623942553	-4.246962824	-129.0483575	0.600660436	56.80650377	56.80650377	0.568065038	56.80650377	0.155212045	0.203530247	0.271379751	0.38601949	0.57518797	6.194893989
0.020387815	2.609851379	6.27213436	39.7912805	0.410507127	47.76580129	47.76580129	0.477658013	47.76580129	0.086719364	0.14652089	0.177301522	0.268176421	0.433035714	-1.196220486
0.158820254	-0.304765446	-4.239344362	-142.637214	0.621465041	54.52268847	54.52268847	0.545226885	54.52268847	0.067693982	0.210824756	0.200013593	0.333627575	0.58125	2.110570224
0.039702567	2.851203048	3.684111613	40.0601354	0.468820342	48.3701426	48.3701426	0.483701426	48.3701426	0.215423	0.126943436	0.318424563	0.422916798	0.483333333	-1.531058763
0.151451291	-2.751697869	-2.142496854	-148.7587393	0.570312319	56.78101711	56.78101711	0.567810171	56.78101711	0.153672757	0.205989614	0.250726001	0.347728943	0.642857143	4.818673858
0.054561186	2.052168207	1.329717809	21.59568678	0.471198194	49.99699819	49.99699819	0.499969982	49.99699819	0.351114867	0.126323845	0.454479421	0.554114077	0.5	1.240471095
0.080703299	-0.072628972	0.39689415	169.2259516	0.481677809	50.25752057	50.25752057	0.502575206	50.25752057	0.363618386	0.143468541	0.465947568	0.568303028	0.5625	2.410883843
0.062667323	0.688933271	1.721858499	82.54773643	0.455869342	46.95490049	46.95490049	0.469549005	46.95490049	0.363068544	0.108522457	0.454523115	0.54383605	0.449494949	-1.473352467
0.11918409	-0.056278609	-1.464367568	-47.32839478	0.560092797	53.71128898	53.71128898	0.53711289	53.71128898	0.002974142	0.182077652	0.111618259	0.222150978	0.555555556	2.046770973
0.079401553	0.357613389	1.164748234	168.8432406	0.487795447	47.15161016	47.15161016	0.471516102	47.15161016	0.381133401	0.129116857	0.483478693	0.585977329	0.449494949	-2.379674436
0.071389444	0.796637514	0.857905955	75.31596393	0.514108248	52.37293702	52.37293702	0.52372937	52.37293702	0.368450193	0.151953941	0.485135042	0.603105303	0.5625	2.883562353
0.13351335	-0.18077573	-2.159682556	-91.47491602	0.566070285	53.38902718	53.38902718	0.533890272	53.38902718	-0.024554798	0.184615078	0.084169343	0.197746022	0.559027778	1.965504326
0.176672689	-1.003119312	-4.202501143	-135.4158679	0.590892144	52.7562811	52.7562811	0.527562811	52.7562811	0.003711875	0.180399838	0.118290311	0.234220777	0.538461538	1.443745059
0.114198597	-1.421465479	-0.00124179	-0.013037559	0.507454579	55.12143202	55.12143202	0.55121432	55.12143202	-0.052101605	0.182676759	0.029241241	0.114028982	0.5	6.241331656
0.053971784	1.772249378	4.225443959	65.94350541	0.473435757	49.75863485	49.75863485	0.497586348	49.75863485	0.203528117	0.134755154	0.307390825	0.412332249	0.473684211	-1.062174607
0.056406462	1.367783396	1.520482478	71.75265695	0.467308464	46.04741701	46.04741701	0.46047417	46.04741701	0.376159106	0.099625306	0.466126143	0.554210194	0.433035714	-4.386891132
0.199709761	-2.391853015	-5.268296667	-140.2468414	0.539830064	50.25395128	50.25395128	0.502539513	50.25395128	0.109894238	0.152660166	0.198638982	0.287963273	0.5	1.780562699
0.190574846	-1.764697371	-5.36052314	-128.6267173	0.560796774	50.83454595	50.83454595	0.50834546	50.83454595	0.246438832	0.149145835	0.345553819	0.44200538	0.5	1.820826541
0.146284808	-0.85409569	-2.058493679	-81.34957426	0.562734673	55.19132572	55.19132572	0.551913257	55.19132572	-0.003646658	0.189364513	0.105988925	0.219548874	0.585784314	6.371321413
0.055241397	1.41068559	1.600198605	35.92332593	0.471027788	47.98196784	47.98196784	0.479819678	47.98196784	0.366546034	0.110078808	0.468110541	0.568517842	0.5	0.02695587
0.191343788	-0.537907921	-6.205443113	-120.8181048	0.579272002	49.81594406	49.81594406	0.498159441	49.81594406	0.054459182	0.158002661	0.163395114	0.275926465	0.470175439	1.209120763
0.059332758	2.052307028	3.196780826	63.86925419	0.508110652	52.87196003	52.87196003	0.5287196	52.87196003	0.31719842	0.147870835	0.429333955	0.537928481	0.526315789	0.530378741
0.145675446	-0.124095325	-3.003064454	-41.01915313	0.565814223	55.73228705	55.73228705	0.557322871	55.73228705	0.131656769	0.189225792	0.23314237	0.33713345	0.577380952	4.882078974
0.02146513	2.457108092	6.556667569	46.18229008	0.435341861	48.35436082	48.35436082	0.483543608	48.35436082	0.139376466	0.138533063	0.229717257	0.319276362	0.480769231	-3.596362979
0.056929031	2.142531527	-0.568149681	-6.299836669	0.512352938	52.66318195	52.66318195	0.526631819	52.66318195	0.425450514	0.150552479	0.541487793	0.653635239	0.513157895	3.036050005
0.166492304	-0.874340595	-4.108924572	-98.29388429	0.580754123	54.82319804	54.82319804	0.54823198	54.82319804	0.101307695	0.177344811	0.208554813	0.315518496	0.552777778	4.222781415
0.130659966	-0.561862852	-2.685847446	-37.54086808	0.645902316	64.52404957	64.52404957	0.645240496	64.52404957	0.021526257	0.316640696	0.153023169	0.286050579	0.696153846	8.735625162
0.111869239	-0.522872393	1.028268266	34.24072653	0.507819101	52.02028229	52.02028229	0.520202823	52.02028229	-0.087277176	0.156799173	-0.000580936	0.08794108	0.5	0.824908207
0.08013152	1.768339868	1.787068939	150.4916013	0.512248225	50.95176587	50.95176587	0.509517659	50.95176587	0.284636796	0.139350159	0.403669171	0.519850754	0.5	-0.313151399
0.15965351	-3.065125105	-4.783949122	-140.6746533	0.579781193	52.91025592	52.91025592	0.529102559	52.91025592	0.287654805	0.188835273	0.382319069	0.475823542	0.545454545	-0.488889753
0.162899193	-1.162669676	-3.519797964	-133.3679332	0.642611899	59.76006954	59.76006954	0.597600695	59.76006954	0.057001722	0.242303518	0.190516713	0.324710776	0.6	5.409714427
0.162402419	-1.312427209	-2.027651388	-131.0993536	0.571454017	53.5629723	53.5629723	0.535629723	53.5629723	0.061563308	0.164660771	0.16479705	0.268081385	0.535897436	1.148394024
0.162204361	-1.917390751	-6.193343077	-121.4078891	0.639178337	57.62589601	57.62589601	0.57625896	57.62589601	0.38365221	0.222894913	0.500990484	0.611499277	0.636363636	2.404765743
0.171191089	-0.761746703	-5.598710455	-96.80845795	0.56015286	50.31557788	50.31557788	0.503155779	50.31557788	0.17913872	0.137173659	0.278063928	0.375708556	0.5	1.793689144
0.189899448	-1.626638709	-4.992219151	-141.6816313	0.581468099	52.39772698	52.39772698	0.52397727	52.39772698	0.090649335	0.170514533	0.204344228	0.317318839	0.5	4.02332583
0.191729802	-1.217682861	-4.761166189	-118.9737678	0.553784837	50.34987924	50.34987924	0.503498792	50.34987924	0.107347387	0.141099139	0.201847973	0.298134003	0.5	1.598658842
0.047277065	2.077554657	3.725908319	45.68518297	0.501704738	53.90246057	53.90246057	0.539024606	53.90246057	0.260365396	0.170218932	0.3773514	0.495392987	0.529824561	1.637102391
0.174582174	-1.691392868	-5.037440965	-114.5864954	0.603941372	55.54262735	55.54262735	0.555426273	55.54262735	0.22870646	0.186241797	0.338286968	0.450956469	0.591666667	4.005159599
0.151851979	-0.830664352	-2.863760703	-81.51767803	0.582367999	57.57468367	57.57468367	0.575746837	57.57468367	0.015832466	0.209809426	0.126514522	0.24053344	0.594117647	6.811284633
0.03508763	2.414329671	3.952175136	29.2085967	0.411638491	48.06765368	48.06765368	0.480676537	48.06765368	0.192976936	0.132640584	0.277641486	0.363418721	0.454545455	1.529665127
0.185770889	-0.554074232	-5.639768055	-125.9832818	0.644218974	58.35709768	58.35709768	0.583570977	58.35709768	0.272337051	0.222905779	0.401653513	0.529011194	0.57518797	4.850411768
